%FB TB Z B
L = [1,2,0.1+1i*0.4,1i*0.015;
    2,3,0.15+1i*0.6,1i*0.02;
    3,4,0.18+1i*0.55,1i*0.018;
    4,1,0.1+1i*0.35,1i*0.012;
    4,2,0.25+1i*0.20,1i*0.02];